1.55455 -2.12014 0 2.15048 0.0943296 -0.218216 -0.971331
1.56379 -2.11334 0 2.15048 0.0943296 -0.218216 -0.971331
1.5718 -2.10489 0 2.15048 0.0943296 -0.218216 -0.971331
1.58277 -2.10041 0 2.15048 0.0943296 -0.218216 -0.971331
1.59192 -2.09349 0 2.15048 0.0943296 -0.218216 -0.971331
1.60104 -2.08652 0 2.15048 0.0943296 -0.218216 -0.971331
1.60646 -2.07477 0 2.15048 0.0943296 -0.218216 -0.971331
1.60749 -2.0575 0 2.15048 0.0943296 -0.218216 -0.971331
1.61645 -2.05046 0 2.15048 0.0943296 -0.218216 -0.971331
1.62539 -2.04339 0 2.15048 0.0943296 -0.218216 -0.971331
1.63366 -2.0355 0 2.15048 0.0943296 -0.218216 -0.971331
1.64127 -2.0268 0 2.15048 0.0943296 -0.218216 -0.971331
1.64946 -2.01884 0 2.15048 0.0943296 -0.218216 -0.971331
1.65635 -2.00931 0 2.15048 0.0943296 -0.218216 -0.971331
1.6651 -2.00206 0 2.15048 0.0943296 -0.218216 -0.971331
1.67253 -1.99325 0 2.15048 0.0943296 -0.218216 -0.971331
1.67992 -1.9844 0 2.15048 0.0943296 -0.218216 -0.971331
1.68856 -1.97706 0 2.15048 0.0943296 -0.218216 -0.971331
1.69391 -1.96588 0 2.15048 0.0943296 -0.218216 -0.971331
1.70247 -1.95847 0 2.15048 0.0943296 -0.218216 -0.971331
1.71034 -1.95027 0 2.15048 0.0943296 -0.218216 -0.971331
1.7142 -1.93755 0 2.15048 0.0943296 -0.218216 -0.971331
1.72264 -1.93005 0 2.15048 0.0943296 -0.218216 -0.971331
1.73104 -1.92252 0 2.15048 0.0943296 -0.218216 -0.971331
1.7374 -1.91272 0 2.15048 0.0943296 -0.218216 -0.971331
1.74573 -1.90512 0 2.15048 0.0943296 -0.218216 -0.971331
1.75334 -1.89675 0 2.15048 0.0943296 -0.218216 -0.971331
1.75751 -1.8847 0 2.15048 0.0943296 -0.218216 -0.971331
1.76709 -1.87847 0 2.15048 0.0943296 -0.218216 -0.971331
1.77045 -1.86566 0 2.15048 0.0943296 -0.218216 -0.971331
1.77857 -1.85792 0 2.15048 0.0943296 -0.218216 -0.971331
1.78666 -1.85014 0 2.15048 0.0943296 -0.218216 -0.971331
1.79472 -1.84233 0 2.15048 0.0943296 -0.218216 -0.971331
1.80064 -1.83234 0 2.15048 0.0943296 -0.218216 -0.971331
1.80439 -1.82021 0 2.15048 0.0943296 -0.218216 -0.971331
1.81231 -1.81231 0 2.15048 0.0943296 -0.218216 -0.971331
1.81949 -1.80369 0 2.15048 0.0943296 -0.218216 -0.971331
1.82735 -1.79573 0 2.15048 0.0943296 -0.218216 -0.971331
1.83517 -1.78774 0 2.15048 0.0943296 -0.218216 -0.971331
1.84726 -1.78388 0 2.15048 0.0943296 -0.218216 -0.971331
1.8507 -1.77166 0 2.15048 0.0943296 -0.218216 -0.971331
1.85841 -1.76356 0 2.15048 0.0943296 -0.218216 -0.971331
1.86609 -1.75544 0 2.15048 0.0943296 -0.218216 -0.971331
1.87373 -1.74728 0 2.15048 0.0943296 -0.218216 -0.971331
1.88501 -1.74248 0 2.15048 0.0943296 -0.218216 -0.971331
1.88817 -1.73019 0 2.15048 0.0943296 -0.218216 -0.971331
1.90014 -1.72597 0 2.15048 0.0943296 -0.218216 -0.971331
1.90022 -1.71097 0 2.15048 0.0943296 -0.218216 -0.971331
1.2793 -2.48391 0 2.0436 -0.695471 -0.0639804 -0.7157
1.28966 -2.47742 0 2.0436 -0.695471 -0.0639804 -0.7157
1.30139 -2.47354 0 2.0436 -0.695471 -0.0639804 -0.7157
1.31123 -2.46607 0 2.0436 -0.695471 -0.0639804 -0.7157
1.32198 -2.46033 0 2.0436 -0.695471 -0.0639804 -0.7157
1.3327 -2.45454 0 2.0436 -0.695471 -0.0639804 -0.7157
1.34388 -2.44957 0 2.0436 -0.695471 -0.0639804 -0.7157
1.35504 -2.44456 0 2.0436 -0.695471 -0.0639804 -0.7157
1.3657 -2.43863 0 2.0436 -0.695471 -0.0639804 -0.7157
1.37928 -2.43787 0 2.0436 -0.695471 -0.0639804 -0.7157
1.39189 -2.4353 0 2.0436 -0.695471 -0.0639804 -0.7157
1.406 -2.43526 0 2.0436 -0.695471 -0.0639804 -0.7157
1.41661 -2.42911 0 2.0436 -0.695471 -0.0639804 -0.7157
1.4272 -2.4229 0 2.0436 -0.695471 -0.0639804 -0.7157
1.43929 -2.41923 0 2.0436 -0.695471 -0.0639804 -0.7157
1.45292 -2.41807 0 2.0436 -0.695471 -0.0639804 -0.7157
1.46035 -2.40658 0 2.0436 -0.695471 -0.0639804 -0.7157
1.47397 -2.4053 0 2.0436 -0.695471 -0.0639804 -0.7157
1.48655 -2.40225 0 2.0436 -0.695471 -0.0639804 -0.7157
1.49861 -2.39828 0 2.0436 -0.695471 -0.0639804 -0.7157
1.51066 -2.39426 0 2.0436 -0.695471 -0.0639804 -0.7157
1.52217 -2.38933 0 2.0436 -0.695471 -0.0639804 -0.7157
1.53312 -2.3835 0 2.0436 -0.695471 -0.0639804 -0.7157
1.54514 -2.37931 0 2.0436 -0.695471 -0.0639804 -0.7157
1.55606 -2.37338 0 2.0436 -0.695471 -0.0639804 -0.7157
1.56695 -2.3674 0 2.0436 -0.695471 -0.0639804 -0.7157
1.57893 -2.36304 0 2.0436 -0.695471 -0.0639804 -0.7157
1.59034 -2.35778 0 2.0436 -0.695471 -0.0639804 -0.7157
1.60118 -2.35165 0 2.0436 -0.695471 -0.0639804 -0.7157
1.61143 -2.34464 0 2.0436 -0.695471 -0.0639804 -0.7157
1.62563 -2.34334 0 2.0436 -0.695471 -0.0639804 -0.7157
1.63641 -2.33704 0 2.0436 -0.695471 -0.0639804 -0.7157
1.65121 -2.33641 0 2.0436 -0.695471 -0.0639804 -0.7157
1.66488 -2.33407 0 2.0436 -0.695471 -0.0639804 -0.7157
1.67855 -2.33165 0 2.0436 -0.695471 -0.0639804 -0.7157
1.68988 -2.32592 0 2.0436 -0.695471 -0.0639804 -0.7157
1.70061 -2.31933 0 2.0436 -0.695471 -0.0639804 -0.7157
1.71606 -2.31913 0 2.0436 -0.695471 -0.0639804 -0.7157
1.72497 -2.31001 0 2.0436 -0.695471 -0.0639804 -0.7157
1.73985 -2.30886 0 2.0436 -0.695471 -0.0639804 -0.7157
1.75233 -2.30443 0 2.0436 -0.695471 -0.0639804 -0.7157
1.76602 -2.30152 0 2.0436 -0.695471 -0.0639804 -0.7157
1.77604 -2.29379 0 2.0436 -0.695471 -0.0639804 -0.7157
1.7885 -2.28917 0 2.0436 -0.695471 -0.0639804 -0.7157
1.80033 -2.2837 0 2.0436 -0.695471 -0.0639804 -0.7157
1.81339 -2.27974 0 2.0436 -0.695471 -0.0639804 -0.7157
1.82582 -2.27492 0 2.0436 -0.695471 -0.0639804 -0.7157
1.83887 -2.27082 0 2.0436 -0.695471 -0.0639804 -0.7157
1.85572 -2.27129 0 2.0436 -0.695471 -0.0639804 -0.7157
1.87007 -2.26858 0 2.0436 -0.695471 -0.0639804 -0.7157
1.87995 -2.2604 0 2.0436 -0.695471 -0.0639804 -0.7157
1.89301 -2.256 0 2.0436 -0.695471 -0.0639804 -0.7157
1.90865 -2.25459 0 2.0436 -0.695471 -0.0639804 -0.7157
1.92172 -2.25004 0 2.0436 -0.695471 -0.0639804 -0.7157
1.93282 -2.24315 0 2.0436 -0.695471 -0.0639804 -0.7157
1.9485 -2.24149 0 2.0436 -0.695471 -0.0639804 -0.7157
1.95892 -2.23372 0 2.0436 -0.695471 -0.0639804 -0.7157
1.97063 -2.22739 0 2.0436 -0.695471 -0.0639804 -0.7157
1.98699 -2.22624 0 2.0436 -0.695471 -0.0639804 -0.7157
2.00338 -2.22498 0 2.0436 -0.695471 -0.0639804 -0.7157
1.31639 -2.55592 0 2.05957 0.253837 -0.192455 -0.947907
1.32291 -2.54129 0 2.05957 0.253837 -0.192455 -0.947907
1.3298 -2.52752 0 2.05957 0.253837 -0.192455 -0.947907
1.33659 -2.51375 0 2.05957 0.253837 -0.192455 -0.947907
1.34328 -2.49997 0 2.05957 0.253837 -0.192455 -0.947907
1.35036 -2.48705 0 2.05957 0.253837 -0.192455 -0.947907
1.35879 -2.47675 0 2.05957 0.253837 -0.192455 -0.947907
1.36231 -2.45768 0 2.05957 0.253837 -0.192455 -0.947907
1.37254 -2.45084 0 2.05957 0.253837 -0.192455 -0.947907
1.37583 -2.43177 0 2.05957 0.253837 -0.192455 -0.947907
1.38494 -2.42314 0 2.05957 0.253837 -0.192455 -0.947907
1.3955 -2.41708 0 2.05957 0.253837 -0.192455 -0.947907
1.39898 -2.39887 0 2.05957 0.253837 -0.192455 -0.947907
1.40639 -2.38757 0 2.05957 0.253837 -0.192455 -0.947907
1.41066 -2.3711 0 2.05957 0.253837 -0.192455 -0.947907
1.41944 -2.36235 0 2.05957 0.253837 -0.192455 -0.947907
1.4287 -2.35443 0 2.05957 0.253837 -0.192455 -0.947907
1.43165 -2.33623 0 2.05957 0.253837 -0.192455 -0.947907
1.4413 -2.32911 0 2.05957 0.253837 -0.192455 -0.947907
1.4488 -2.31856 0 2.05957 0.253837 -0.192455 -0.947907
1.4509 -2.29953 0 2.05957 0.253837 -0.192455 -0.947907
1.45984 -2.29149 0 2.05957 0.253837 -0.192455 -0.947907
1.46442 -2.27669 0 2.05957 0.253837 -0.192455 -0.947907
1.4727 -2.26777 0 2.05957 0.253837 -0.192455 -0.947907
1.4771 -2.25295 0 2.05957 0.253837 -0.192455 -0.947907
1.48526 -2.24399 0 2.05957 0.253837 -0.192455 -0.947907
1.49059 -2.23083 0 2.05957 0.253837 -0.192455 -0.947907
1.49976 -2.22348 0 2.05957 0.253837 -0.192455 -0.947907
1.50494 -2.2103 0 2.05957 0.253837 -0.192455 -0.947907
1.51174 -2.19959 0 2.05957 0.253837 -0.192455 -0.947907
1.51961 -2.19051 0 2.05957 0.253837 -0.192455 -0.947907
1.52629 -2.17976 0 2.05957 0.253837 -0.192455 -0.947907
1.53117 -2.16655 0 2.05957 0.253837 -0.192455 -0.947907
1.53538 -2.15252 0 2.05957 0.253837 -0.192455 -0.947907
1.54359 -2.14418 0 2.05957 0.253837 -0.192455 -0.947907
1.55175 -2.1358 0 2.05957 0.253837 -0.192455 -0.947907
1.55692 -2.12337 0 2.05957 0.253837 -0.192455 -0.947907
1.5626 -2.11173 0 2.05957 0.253837 -0.192455 -0.947907
1.56761 -2.09928 0 2.05957 0.253837 -0.192455 -0.947907
1.57314 -2.08763 0 2.05957 0.253837 -0.192455 -0.947907
1.578 -2.07518 0 2.05957 0.253837 -0.192455 -0.947907
1.58643 -2.06748 0 2.05957 0.253837 -0.192455 -0.947907
1.59054 -2.05421 0 2.05957 0.253837 -0.192455 -0.947907
1.59949 -2.04725 0 2.05957 0.253837 -0.192455 -0.947907
1.60531 -2.03633 0 2.05957 0.253837 -0.192455 -0.947907
1.60796 -2.02148 0 2.05957 0.253837 -0.192455 -0.947907
1.61426 -2.01132 0 2.05957 0.253837 -0.192455 -0.947907
1.62302 -2.00426 0 2.05957 0.253837 -0.192455 -0.947907
1.63048 -1.99561 0 2.05957 0.253837 -0.192455 -0.947907
1.63727 -1.98616 0 2.05957 0.253837 -0.192455 -0.947907
1.64272 -1.97515 0 2.05957 0.253837 -0.192455 -0.947907
1.64682 -1.96261 0 2.05957 0.253837 -0.192455 -0.947907
1.6502 -1.9493 0 2.05957 0.253837 -0.192455 -0.947907
1.65544 -1.93827 0 2.05957 0.253837 -0.192455 -0.947907
1.65997 -1.92649 0 2.05957 0.253837 -0.192455 -0.947907
1.66836 -1.91923 0 2.05957 0.253837 -0.192455 -0.947907
1.67672 -1.91193 0 2.05957 0.253837 -0.192455 -0.947907
1.68504 -1.90459 0 2.05957 0.253837 -0.192455 -0.947907
1.69334 -1.89722 0 2.05957 0.253837 -0.192455 -0.947907
1.70428 -1.89279 0 2.05957 0.253837 -0.192455 -0.947907
1.26831 -2.46258 0 2.07892 -0.704129 -0.0169926 -0.709869
1.2832 -2.465 0 2.07892 -0.704129 -0.0169926 -0.709869
1.29394 -2.45938 0 2.07892 -0.704129 -0.0169926 -0.709869
1.30419 -2.45283 0 2.07892 -0.704129 -0.0169926 -0.709869
1.31488 -2.44711 0 2.07892 -0.704129 -0.0169926 -0.709869
1.3265 -2.44311 0 2.07892 -0.704129 -0.0169926 -0.709869
1.33811 -2.43905 0 2.07892 -0.704129 -0.0169926 -0.709869
1.35116 -2.43757 0 2.07892 -0.704129 -0.0169926 -0.709869
1.36276 -2.43339 0 2.07892 -0.704129 -0.0169926 -0.709869
1.37583 -2.43177 0 2.07892 -0.704129 -0.0169926 -0.709869
1.3899 -2.43182 0 2.07892 -0.704129 -0.0169926 -0.709869
1.403 -2.43007 0 2.07892 -0.704129 -0.0169926 -0.709869
1.41661 -2.42911 0 2.07892 -0.704129 -0.0169926 -0.709869
1.42923 -2.42635 0 2.07892 -0.704129 -0.0169926 -0.709869
1.44082 -2.42181 0 2.07892 -0.704129 -0.0169926 -0.709869
1.45653 -2.42407 0 2.07892 -0.704129 -0.0169926 -0.709869
1.46709 -2.41769 0 2.07892 -0.704129 -0.0169926 -0.709869
1.47972 -2.41468 0 2.07892 -0.704129 -0.0169926 -0.709869
1.49392 -2.41415 0 2.07892 -0.704129 -0.0169926 -0.709869
1.50444 -2.40761 0 2.07892 -0.704129 -0.0169926 -0.709869
1.51653 -2.40356 0 2.07892 -0.704129 -0.0169926 -0.709869
1.52862 -2.39945 0 2.07892 -0.704129 -0.0169926 -0.709869
1.5434 -2.39948 0 2.07892 -0.704129 -0.0169926 -0.709869
1.5544 -2.39357 0 2.07892 -0.704129 -0.0169926 -0.709869
1.56647 -2.38927 0 2.07892 -0.704129 -0.0169926 -0.709869
1.5802 -2.38742 0 2.07892 -0.704129 -0.0169926 -0.709869
1.59282 -2.38382 0 2.07892 -0.704129 -0.0169926 -0.709869
1.60936 -2.38597 0 2.07892 -0.704129 -0.0169926 -0.709869
1.62369 -2.38471 0 2.07892 -0.704129 -0.0169926 -0.709869
1.64031 -2.38667 0 2.07892 -0.704129 -0.0169926 -0.709869
1.65584 -2.38688 0 2.07892 -0.704129 -0.0169926 -0.709869
1.66796 -2.38209 0 2.07892 -0.704129 -0.0169926 -0.709869
1.68238 -2.38051 0 2.07892 -0.704129 -0.0169926 -0.709869
1.69681 -2.37885 0 2.07892 -0.704129 -0.0169926 -0.709869
1.71185 -2.37791 0 2.07892 -0.704129 -0.0169926 -0.709869
1.72221 -2.37042 0 2.07892 -0.704129 -0.0169926 -0.709869
1.7349 -2.36611 0 2.07892 -0.704129 -0.0169926 -0.709869
1.74878 -2.36334 0 2.07892 -0.704129 -0.0169926 -0.709869
1.76027 -2.35729 0 2.07892 -0.704129 -0.0169926 -0.709869
1.77776 -2.35917 0 2.07892 -0.704129 -0.0169926 -0.709869
1.79409 -2.35935 0 2.07892 -0.704129 -0.0169926 -0.709869
1.8068 -2.35467 0 2.07892 -0.704129 -0.0169926 -0.709869
1.8189 -2.34914 0 2.07892 -0.704129 -0.0169926 -0.709869
1.83344 -2.3467 0 2.07892 -0.704129 -0.0169926 -0.709869
1.84676 -2.3426 0 2.07892 -0.704129 -0.0169926 -0.709869
1.86194 -2.34078 0 2.07892 -0.704129 -0.0169926 -0.709869
1.87965 -2.34199 0 2.07892 -0.704129 -0.0169926 -0.709869
1.89488 -2.33999 0 2.07892 -0.704129 -0.0169926 -0.709869
1.90761 -2.33479 0 2.07892 -0.704129 -0.0169926 -0.709869
1.92541 -2.33571 0 2.07892 -0.704129 -0.0169926 -0.709869
1.93942 -2.3319 0 2.07892 -0.704129 -0.0169926 -0.709869
1.95665 -2.33184 0 2.07892 -0.704129 -0.0169926 -0.709869
9.5786 -10.6381 0 2.07892 -0.704129 -0.0169926 -0.709869
1.96785 -2.09188 0 2.3731 0.00425573 -0.000523289 -0.999991
1.97764 -2.084 0 2.3731 0.00425573 -0.000523289 -0.999991
1.98603 -2.07463 0 2.3731 0.00425573 -0.000523289 -0.999991
1.98603 -2.05659 0 2.3731 0.00425573 -0.000523289 -0.999991
1.99149 -2.04433 0 2.3731 0.00425573 -0.000523289 -0.999991
2.0004 -2.03562 0 2.3731 0.00425573 -0.000523289 -0.999991
2.01137 -2.029 0 2.3731 0.00425573 -0.000523289 -0.999991
2.02162 -2.02162 0 2.3731 0.00425573 -0.000523289 -0.999991
2.03184 -2.01419 0 2.3731 0.00425573 -0.000523289 -0.999991
2.04061 -2.0053 0 2.3731 0.00425573 -0.000523289 -0.999991
2.04719 -1.99429 0 2.3731 0.00425573 -0.000523289 -0.999991
2.0494 -1.97908 0 2.3731 0.00425573 -0.000523289 -0.999991
2.05729 -1.96943 0 2.3731 0.00425573 -0.000523289 -0.999991
2.06587 -1.96043 0 2.3731 0.00425573 -0.000523289 -0.999991
2.07149 -1.94866 0 2.3731 0.00425573 -0.000523289 -0.999991
2.07997 -1.9396 0 2.3731 0.00425573 -0.000523289 -0.999991
2.08548 -1.92779 0 2.3731 0.00425573 -0.000523289 -0.999991
2.09387 -1.91868 0 2.3731 0.00425573 -0.000523289 -0.999991
2.10222 -1.90952 0 2.3731 0.00425573 -0.000523289 -0.999991
2.10905 -1.89899 0 2.3731 0.00425573 -0.000523289 -0.999991
2.11433 -1.88711 0 2.3731 0.00425573 -0.000523289 -0.999991
2.12254 -1.87787 0 2.3731 0.00425573 -0.000523289 -0.999991
2.13071 -1.86859 0 2.3731 0.00425573 -0.000523289 -0.999991
2.1396 -1.85993 0 2.3731 0.00425573 -0.000523289 -0.999991
2.1477 -1.85057 0 2.3731 0.00425573 -0.000523289 -0.999991
2.15879 -1.84378 0 2.3731 0.00425573 -0.000523289 -0.999991
2.16376 -1.83176 0 2.3731 0.00425573 -0.000523289 -0.999991
2.17097 -1.82166 0 2.3731 0.00425573 -0.000523289 -0.999991
2.17428 -1.80833 0 2.3731 0.00425573 -0.000523289 -0.999991
2.18138 -1.79819 0 2.3731 0.00425573 -0.000523289 -0.999991
2.18766 -1.78739 0 2.3731 0.00425573 -0.000523289 -0.999991
2.19699 -1.77909 0 2.3731 0.00425573 -0.000523289 -0.999991
2.20551 -1.77011 0 2.3731 0.00425573 -0.000523289 -0.999991
2.21322 -1.76047 0 2.3731 0.00425573 -0.000523289 -0.999991
2.22088 -1.7508 0 2.3731 0.00425573 -0.000523289 -0.999991
2.22692 -1.73986 0 2.3731 0.00425573 -0.000523289 -0.999991
2.23133 -1.72768 0 2.3731 0.00425573 -0.000523289 -0.999991
2.23488 -1.71488 0 2.3731 0.00425573 -0.000523289 -0.999991
2.24234 -1.70511 0 2.3731 0.00425573 -0.000523289 -0.999991
2.25135 -1.69652 0 2.3731 0.00425573 -0.000523289 -0.999991
2.26274 -1.68967 0 2.3731 0.00425573 -0.000523289 -0.999991
2.27331 -1.68216 0 2.3731 0.00425573 -0.000523289 -0.999991
2.2774 -1.66986 0 2.3731 0.00425573 -0.000523289 -0.999991
2.28466 -1.65991 0 2.3731 0.00425573 -0.000523289 -0.999991
2.28702 -1.64642 0 2.3731 0.00425573 -0.000523289 -0.999991
2.29906 -1.63991 0 2.3731 0.00425573 -0.000523289 -0.999991
2.30375 -1.62813 0 2.3731 0.00425573 -0.000523289 -0.999991
2.31574 -1.6215 0 2.3731 0.00425573 -0.000523289 -0.999991
