312.596 301.265
239.083 301.228
224.351 300.087
111.387 298.426
102.396 295.183
150.463 295.506
219.262 295.506
237.624 294.143
178.607 293.038
62.6532 292.229
32.6626 293.128
60.1791 291.182
95.1689 290.294
77.6233 291.148
499.095 298.397
412.204 294.389
361.354 293.244
153.21 302.061
173.758 302.403
78.7747 303.512
172.298 302.494
107.748 303.117
113.14 300.369
81.08 300.046
140.554 300.057
167.301 299.45
245.384 299.306
262.157 322.384
309.37 324.373
357.344 326.473
427.51 329.462
481.409 332.471
96.2531 347.359
192.859 342.322
242.328 342.225
303.396 342.643
355.532 344.432
354.14 336.253
416.595 338.308
395.463 332.084