2.712 -2.958
3.200 -2.412
3.371 -2.383
3.892 -1.435
4.091 -1.448
3.934 -1.856
3.595 -2.448
3.623 -2.706
3.972 -2.177
4.402 -1.177
4.474 -0.933
4.580 -1.186
4.492 -1.481
4.535 -1.344
1.547 -4.372
2.290 -4.001
2.731 -3.694
3.452 -1.685
3.364 -1.845
3.727 -1.156
3.416 -1.852
3.662 -1.351
3.861 -1.465
3.957 -1.227
3.768 -1.679
3.649 -1.921
3.248 -2.539
2.073 -1.836
1.857 -2.065
1.618 -2.266
1.255 -2.519
0.972 -2.671
2.144 -0.809
1.940 -1.258
1.799 -1.484
1.564 -1.751
1.358 -1.940
1.499 -2.103
1.195 -2.319
1.381 -2.369